1899
17 0 2 3 4 4 5 5 6 6 7 7 8 9 10 10 18 12 23 18 28 20 29 24 30 27 31 29 33 30 35 31 36 32 39
3 0 5 1 35 5 39
21 0 0 2 1 3 2 4 5 7 6 8 8 9 9 10 10 11 13 12 16 16 17 17 19 18 21 19 23 20 25 23 27 26 29 27 30 29 35 31 36 32 39
1 0 39
1 0 39
6 0 1 3 2 4 5 7 7 8 9 9 39
2 0 3 1 39
16 0 0 2 1 3 2 4 4 5 5 7 7 9 9 10 14 11 15 15 18 16 19 18 20 19 21 21 31 23 37 25 39
22 0 0 2 1 3 2 4 3 5 4 6 5 7 6 8 7 9 8 10 9 11 13 12 17 17 19 18 20 19 21 21 25 22 29 23 30 24 32 26 34 31 36 33 39
1 0 39
2 0 3 1 39
23 0 0 2 1 3 2 4 3 5 4 6 5 7 6 8 7 9 9 10 10 11 18 16 19 18 20 19 21 20 22 21 25 22 26 25 27 26 29 27 30 29 33 30 35 31 39
2 0 3 1 39
2 0 0 1 39
2 0 3 1 39
1 0 39
1 0 39
1 0 39
19 0 0 2 1 3 2 4 3 5 4 6 5 7 6 8 7 9 9 10 13 11 15 12 16 15 19 17 20 18 21 21 25 22 26 25 27 26 39
2 0 0 2 39
1 0 39
2 0 0 1 39
1 0 39
1 0 39
1 0 39
5 0 3 2 4 5 5 7 6 8 39
18 0 2 4 4 6 7 9 10 11 15 12 16 15 17 16 18 17 19 18 21 19 23 21 25 22 26 24 29 25 33 30 35 32 36 33 39
1 0 39
4 0 3 5 5 7 8 10 39
9 0 1 2 2 3 3 4 5 5 6 6 7 7 8 8 21 10 39
1 0 39
24 0 0 2 1 3 2 4 3 5 4 6 5 7 6 8 7 9 9 10 10 11 13 12 15 16 18 17 19 18 21 21 24 24 26 25 27 26 29 28 30 29 33 30 34 31 36 32 39
2 0 0 1 39
6 0 0 2 1 3 2 4 3 5 5 7 39
1 0 39
17 0 0 2 1 3 2 4 3 5 5 7 7 8 9 9 16 11 20 17 21 18 25 22 27 23 28 26 29 27 31 29 33 30 39
1 0 39
5 0 0 2 1 3 2 4 4 6 39
4 0 2 1 3 4 5 5 39
1 0 39
12 0 0 2 1 3 2 4 3 5 4 6 5 7 6 8 8 10 10 11 11 12 35 18 39
19 0 3 5 4 6 5 7 6 8 7 9 8 10 10 11 14 12 16 16 19 18 20 19 21 20 22 21 24 22 25 23 29 25 33 27 37 31 39
2 0 8 2 39
19 0 0 2 1 3 3 5 6 8 8 9 14 12 15 15 16 16 19 17 20 18 23 19 24 22 25 24 26 25 27 26 29 27 30 29 33 30 39
1 0 39
2 0 0 1 39
6 0 1 1 3 2 4 3 7 6 14 9 39
13 0 0 2 1 3 2 4 3 5 5 7 6 8 9 9 10 10 14 11 17 12 26 18 30 19 39
1 0 39
10 0 0 2 1 3 4 6 5 7 6 8 8 9 9 10 10 11 33 12 39
7 0 0 2 1 3 2 4 3 5 26 7 30 22 39
11 0 0 2 1 3 2 4 3 5 7 9 10 11 11 12 20 16 21 17 28 20 39
10 0 1 3 2 4 3 5 5 7 6 8 7 9 8 10 10 11 13 12 39
2 0 7 4 39
1 0 39
3 0 0 2 1 3 39
3 0 3 5 10 8 39
5 0 0 2 5 3 7 6 8 9 39
6 0 0 2 2 3 3 5 18 7 25 8 39
8 0 1 2 2 3 3 4 4 6 6 8 7 9 10 11 39
8 0 0 2 1 3 4 4 5 5 14 6 30 10 37 32 39
5 0 1 3 2 4 5 7 7 9 39
15 0 0 2 1 3 2 4 3 5 4 6 5 7 6 8 8 9 9 10 10 11 13 12 15 15 19 16 27 17 39
2 0 0 2 39
3 0 1 2 2 3 39
2 0 1 2 39
21 0 1 3 3 5 4 6 5 7 6 8 7 9 8 10 9 11 16 12 17 17 19 18 20 19 21 20 22 21 25 23 27 25 28 26 29 28 30 29 36 30 39
7 0 1 3 3 5 4 6 6 8 8 9 16 10 39
14 0 0 2 1 3 2 4 3 5 4 6 6 7 7 9 8 10 15 11 19 12 20 14 32 16 35 20 39
9 0 0 2 2 3 3 4 6 7 13 8 22 15 25 22 32 23 39
1 0 39
18 0 0 2 1 3 2 4 3 5 4 6 5 7 6 8 7 9 9 10 10 11 13 12 16 15 19 17 21 18 22 21 24 22 25 23 39
6 0 2 4 3 5 4 6 5 7 9 8 39
7 0 1 3 2 4 3 5 4 6 6 7 7 8 39
3 0 1 3 2 4 39
2 0 3 3 39
1 0 39
2 0 1 3 39
4 0 0 2 1 3 2 4 39
4 0 4 2 5 7 7 8 39
3 0 0 2 15 8 39
2 0 1 2 39
6 0 1 2 2 4 4 5 5 6 35 7 39
6 0 0 2 3 3 4 6 7 7 10 10 39
9 0 0 2 6 6 7 8 8 10 15 11 16 15 17 16 20 17 39
3 0 0 2 7 3 39
5 0 0 2 3 5 5 7 8 8 39
7 0 0 2 1 3 2 4 4 5 6 6 7 9 39
1 0 39
7 0 0 2 2 4 5 7 6 8 9 9 27 10 39
3 0 1 1 3 2 39
3 0 1 1 3 2 39
4 0 29 2 33 18 34 27 39
3 0 4 5 7 6 39
23 0 0 2 1 3 2 4 3 5 6 7 8 8 9 11 13 12 15 15 17 16 18 17 20 18 23 19 24 22 25 24 26 25 27 26 30 29 32 30 33 31 35 32 37 33 39
5 0 0 2 2 4 5 5 7 7 39
15 0 0 2 1 3 2 4 3 5 4 6 5 7 7 9 14 10 15 15 18 16 21 17 22 20 30 21 35 23 39
4 0 1 3 4 4 5 6 39
5 0 1 3 2 4 5 5 8 7 39
2 0 7 2 39
10 0 0 2 2 4 3 5 5 7 6 8 8 9 10 10 21 11 25 12 39
5 0 2 4 4 5 5 6 6 8 39
11 0 0 2 1 3 2 4 3 5 4 6 5 7 6 8 7 9 8 10 9 11 39
3 0 0 2 7 5 39
16 0 0 2 5 7 6 8 7 9 10 10 13 12 19 18 20 19 21 21 24 24 26 25 27 26 29 28 31 29 37 30 39
1 0 39
1 0 39
2 0 3 2 39
7 0 0 2 3 5 5 6 6 7 8 8 9 10 39
1 0 39
2 0 25 2 39
2 0 2 2 39
1 0 39
4 0 5 7 8 8 29 10 39
3 0 2 2 4 3 39
1 0 39
1 0 39
5 0 5 7 6 8 8 9 25 10 39
3 0 1 3 2 4 39
5 0 0 2 1 3 6 4 7 5 39
5 0 1 2 3 3 4 5 5 6 39
3 0 3 2 5 4 39
4 0 4 2 5 5 7 6 39
11 0 0 2 1 3 2 4 3 5 6 7 7 9 12 10 13 11 14 12 16 15 39
4 0 24 9 28 11 35 12 39
2 0 3 2 39
5 0 0 2 2 4 16 16 19 18 39
9 0 1 3 2 4 4 5 5 7 6 8 7 9 9 10 10 11 39
2 0 0 2 39
1 0 39
9 0 1 3 2 4 3 5 4 6 6 8 7 9 28 11 35 12 39
11 0 0 2 2 4 4 6 6 7 8 8 21 10 22 17 32 20 33 23 34 24 39
2 0 2 2 39
3 0 1 2 2 3 39
7 0 0 2 4 5 5 6 9 10 10 11 20 12 39
2 0 1 2 39
1 0 39
1 0 39
1 0 39
8 0 1 2 2 3 3 4 4 6 23 21 25 24 37 25 39
4 0 7 2 9 4 25 6 39
9 0 3 2 4 6 5 7 6 8 7 9 18 10 20 11 23 15 39
12 0 4 6 5 7 8 8 9 10 15 11 19 17 25 18 28 26 31 27 32 28 37 29 39
20 0 0 2 1 3 2 4 3 5 4 6 5 7 6 8 8 9 10 10 11 11 15 12 17 17 19 18 21 20 22 21 24 22 25 24 29 25 37 26 39
8 0 1 3 2 4 4 5 5 7 8 8 13 11 31 15 39
4 0 6 8 28 9 35 10 39
2 0 2 4 39
2 0 2 2 39
5 0 1 3 3 4 4 5 5 7 39
1 0 39
3 0 3 5 6 6 39
6 0 5 7 6 8 8 9 14 10 25 15 39
1 0 39
5 0 1 3 2 4 4 6 6 7 39
9 0 1 3 4 4 5 7 8 9 9 10 13 11 15 12 30 15 39
1 0 39
3 0 0 2 3 3 39
2 0 3 2 39
1 0 39
9 0 4 3 6 5 7 6 10 8 13 9 14 11 15 12 16 15 39
6 0 2 2 3 4 5 5 10 9 18 12 39
4 0 2 4 10 6 15 7 39
7 0 3 2 4 5 5 6 6 8 9 9 13 10 39
3 0 0 2 5 3 39
2 0 3 2 39
3 0 0 2 7 3 39
3 0 14 10 23 16 39
6 0 1 2 2 4 5 5 16 6 35 7 39
1 0 39
1 0 39
1 0 39
11 0 1 3 2 4 5 7 7 8 10 10 15 11 16 16 18 17 22 18 37 23 39
6 0 3 5 4 6 7 7 8 9 13 10 39
7 0 0 2 2 3 4 4 5 5 6 6 9 11 39
14 0 0 2 1 3 3 4 5 6 6 8 9 9 14 11 15 15 16 16 24 17 29 22 31 26 34 27 39
13 0 0 2 1 3 2 4 3 5 4 6 5 7 6 8 7 9 10 11 14 12 16 16 35 18 39
4 0 0 2 2 4 9 7 39
1 0 39
1 0 39
6 0 0 2 24 7 25 23 27 25 28 26 39
6 0 0 2 1 3 2 4 3 5 5 7 39
2 0 25 3 39
3 0 3 5 28 7 39
4 0 1 3 2 4 6 5 39
3 0 0 2 3 4 39
1 0 39
1 0 39
2 0 0 2 39
12 0 0 2 1 3 3 5 4 6 6 8 10 9 16 11 19 17 20 18 21 20 22 21 39
4 0 0 2 7 7 22 8 39
8 0 1 3 2 4 3 5 5 7 7 9 15 10 22 12 39
2 0 0 2 39
16 0 1 3 2 4 3 5 4 6 5 7 6 8 8 9 9 11 11 12 16 16 20 17 24 18 28 20 33 22 37 26 39
15 0 1 3 2 4 3 5 4 6 5 7 6 8 7 9 9 10 13 11 15 12 18 16 21 17 32 18 37 20 39
2 0 4 2 39
1 0 39
1 0 39
4 0 0 2 9 8 21 11 39
13 0 0 2 2 3 3 5 5 7 6 8 8 9 10 11 11 12 15 15 16 16 21 17 32 18 39
1 0 39
6 0 1 2 2 3 4 5 5 7 27 11 39
2 0 8 2 39
4 0 3 2 5 3 9 5 39
12 0 0 2 1 3 2 4 3 5 4 6 5 7 7 9 9 10 15 11 27 16 37 17 39
1 0 39
1 0 39
1 0 39
1 0 39
7 0 0 2 1 3 4 6 5 7 6 8 10 10 39
1 0 39
13 0 0 2 1 3 2 4 5 6 6 7 15 8 17 11 19 17 21 18 29 19 34 27 37 29 39
12 0 1 3 2 4 3 5 4 6 5 7 6 8 7 9 9 10 14 11 20 16 24 18 39
1 0 39
9 0 0 2 2 4 3 5 4 6 5 7 13 11 14 12 16 15 39
3 0 0 2 3 3 39
2 0 0 2 39
1 0 39
1 0 39
7 0 4 2 5 4 6 6 8 7 9 9 14 10 39
10 0 0 2 1 3 2 4 3 5 5 7 6 8 7 9 9 11 19 12 39
9 0 0 2 1 3 3 4 8 5 9 9 23 10 26 24 28 25 39
5 0 0 2 5 3 6 4 7 5 39
2 0 1 2 39
10 0 2 4 3 5 6 6 7 9 16 10 24 18 25 24 26 25 30 26 39
3 0 7 2 12 9 39
2 0 3 2 39
2 0 6 2 39
5 0 1 3 2 4 4 6 6 8 39
1 0 39
1 0 39
1 0 39
2 0 5 2 39
16 0 0 2 1 3 3 4 5 6 6 7 8 8 9 10 16 11 17 12 19 17 20 18 28 20 32 21 33 22 34 24 39
10 0 3 4 4 5 5 7 7 8 9 10 10 11 11 12 20 13 32 22 39
3 0 1 2 2 3 39
6 0 1 3 2 4 4 5 5 6 7 8 39
3 0 3 3 4 5 39
2 0 8 2 39
6 0 1 2 2 3 3 4 4 5 7 6 39
1 0 39
4 0 1 2 3 3 4 4 39
11 0 1 3 2 4 3 5 4 6 6 8 8 9 10 10 14 11 18 12 35 17 39
3 0 7 2 16 4 39
3 0 4 3 5 6 39
6 0 6 8 10 9 14 10 21 12 25 21 39
1 0 39
1 0 39
2 0 2 4 39
18 0 3 5 5 7 6 8 7 9 8 10 10 11 11 12 15 16 16 17 19 18 21 19 27 20 28 21 31 23 33 24 35 27 37 28 39
8 0 3 5 4 6 5 7 7 9 8 10 10 11 13 12 39
2 0 0 2 39
9 0 2 4 3 5 4 6 5 7 6 8 8 9 16 10 18 12 39
1 0 39
9 0 1 3 2 4 3 5 5 7 6 8 7 9 8 10 10 11 39
1 0 39
6 0 0 2 3 5 6 7 19 8 31 21 39
6 0 6 8 7 9 10 10 14 11 20 12 39
1 0 39
3 0 2 4 8 5 39
12 0 0 2 1 3 2 4 3 5 5 7 7 8 8 9 20 10 25 11 28 19 29 21 39
3 0 7 2 8 8 39
1 0 39
8 0 1 3 2 4 3 5 4 6 5 7 7 9 13 10 39
1 0 39
5 0 0 2 3 3 4 5 6 6 39
2 0 2 4 39
2 0 0 2 39
1 0 39
4 0 5 2 6 7 7 8 39
2 0 2 4 39
8 0 0 2 8 3 19 10 20 15 21 17 23 21 30 23 39
7 0 2 3 3 4 5 5 6 8 7 9 25 10 39
2 0 2 3 39
4 0 1 3 2 4 3 5 39
1 0 39
6 0 1 2 2 3 4 4 7 9 10 10 39
14 0 1 3 2 4 3 5 4 6 5 7 6 8 7 9 8 10 10 11 15 15 19 16 21 17 37 22 39
7 0 1 3 2 4 5 5 6 8 10 9 14 10 39
1 0 39
2 0 2 2 39
10 0 1 3 3 4 4 6 6 8 8 9 9 10 10 11 13 12 35 18 39
10 0 2 2 3 3 5 7 8 8 9 10 13 11 14 12 17 15 18 16 39
9 0 2 4 3 5 5 7 6 8 7 9 9 10 23 11 35 16 39
2 0 0 2 39
5 0 2 4 6 8 8 9 9 10 39
4 0 1 3 2 4 4 6 39
1 0 39
5 0 1 3 5 7 7 8 16 9 39
6 0 1 3 2 4 3 5 4 6 28 7 39
2 0 5 7 39
4 0 1 2 4 5 6 8 39
1 0 39
2 0 4 2 39
6 0 1 3 2 4 4 5 5 6 8 8 39
3 0 7 7 18 9 39
8 0 1 2 2 3 3 5 4 6 5 7 6 8 7 9 39
12 0 1 3 2 4 3 5 4 6 5 7 6 8 7 9 9 10 10 11 13 12 18 14 39
8 0 6 8 7 9 10 11 25 12 26 18 29 19 34 27 39
7 0 1 3 2 4 3 5 8 9 9 10 10 11 39
3 0 1 3 2 4 39
1 0 39
12 0 1 3 2 4 4 6 5 7 6 8 8 9 13 10 16 11 18 12 23 15 33 18 39
8 0 1 3 3 5 8 9 9 10 10 11 22 12 23 16 39
2 0 7 3 39
4 0 5 3 6 5 7 8 39
6 0 2 4 4 5 5 7 6 8 7 9 39
4 0 1 3 4 4 5 7 39
16 0 1 3 2 4 3 5 4 6 5 7 6 8 8 10 10 11 17 16 18 17 20 18 21 19 22 20 25 21 36 23 39
8 0 1 3 2 4 3 5 5 7 6 8 8 9 9 10 39
2 0 1 3 39
9 0 1 3 3 5 5 6 7 7 12 11 13 12 15 14 37 15 39
10 0 8 8 13 9 14 10 15 12 17 15 18 16 21 17 32 20 37 24 39
5 0 1 3 3 5 5 6 8 7 39
5 0 1 3 4 6 6 8 7 9 39
4 0 1 3 6 8 7 9 39
6 0 1 3 2 4 4 5 5 7 7 9 39
11 0 1 3 2 4 5 7 6 8 7 9 9 10 13 11 22 12 30 14 37 15 39
11 0 1 3 4 6 6 7 8 8 9 9 10 10 19 11 22 20 30 21 31 24 39
12 0 1 3 2 4 4 5 5 6 6 7 7 8 8 9 17 10 22 12 30 14 37 15 39
1 0 39
6 0 1 3 2 4 3 5 9 8 10 9 39
4 0 4 3 7 8 8 10 39
11 0 1 3 2 4 3 5 4 6 5 7 6 8 7 9 9 10 14 11 33 16 39
4 0 1 3 4 4 14 5 39
8 0 1 3 2 4 3 5 4 6 5 7 6 8 7 9 39
3 0 8 9 14 10 39
5 0 1 3 3 5 5 7 9 9 39
4 0 8 3 18 7 25 8 39
4 0 3 3 7 8 13 9 39
1 0 39
1 0 39
6 0 2 3 4 6 5 7 7 9 9 10 39
5 0 2 3 5 6 6 7 9 8 39
6 0 2 3 3 5 5 6 7 8 8 9 39
5 0 1 3 4 4 5 5 6 6 39
2 0 2 4 39
10 0 1 3 2 4 3 5 5 6 6 8 7 9 9 10 10 11 13 12 39
6 0 3 4 4 5 5 7 10 11 35 12 39
7 0 2 4 3 5 4 6 5 7 6 8 9 11 39
2 0 1 3 39
13 0 3 5 5 7 6 8 7 9 9 10 18 11 19 12 23 15 24 18 26 22 28 25 33 26 39
17 0 1 3 3 4 4 6 5 7 6 8 7 9 9 10 10 11 14 12 23 17 24 18 25 19 28 24 31 25 33 30 37 32 39
5 0 1 3 2 4 3 5 5 7 39
2 0 1 3 39
4 0 1 3 4 5 6 6 39
13 0 3 5 4 6 5 7 6 8 7 9 13 11 15 15 17 16 18 17 19 18 20 19 35 31 39
2 0 2 3 39
2 0 3 3 39
5 0 1 3 2 4 4 5 6 6 39
5 0 1 3 2 4 5 7 6 8 39
2 0 2 4 39
6 0 1 3 2 4 6 8 8 9 9 10 39
11 0 2 3 5 4 6 8 7 9 13 11 15 12 16 15 21 17 23 18 32 23 39
3 0 8 3 9 8 39
3 0 2 4 3 5 39
5 0 1 3 5 4 6 8 8 10 39
14 0 1 3 2 4 3 5 4 6 5 7 6 8 7 9 8 10 10 11 11 12 27 21 31 23 34 27 39
9 0 1 3 5 7 6 8 7 9 20 18 21 20 22 21 24 22 39
2 0 1 3 39
2 0 3 3 39
8 0 1 3 9 10 10 11 13 12 15 14 16 15 24 16 39
4 0 5 6 7 7 14 9 39
3 0 2 3 3 4 39
5 0 2 3 3 4 4 5 5 7 39
3 0 1 3 2 4 39
5 0 7 6 8 9 9 10 10 11 39
8 0 2 4 5 7 7 8 10 11 16 12 30 14 37 15 39
4 0 1 3 2 4 5 7 39
1 0 39
5 0 3 3 5 5 7 7 8 9 39
6 0 1 3 2 4 3 5 4 6 7 7 39
11 0 1 3 2 4 3 5 4 6 5 7 6 8 8 10 10 11 11 12 35 16 39
5 0 1 3 4 6 7 7 12 9 39
3 0 1 3 16 4 39
8 0 1 3 2 4 3 5 6 8 8 9 14 10 28 16 39
8 0 1 3 3 4 4 5 5 6 7 7 8 9 10 10 39
5 0 4 6 5 7 7 9 15 10 39
9 0 1 3 4 4 5 7 7 8 9 9 14 11 17 12 29 16 39
8 0 1 3 3 5 4 6 5 7 7 8 9 9 13 10 39
2 0 7 3 39
1 0 39
2 0 3 3 39
1 0 39
1 0 39
2 0 2 4 39
5 0 1 3 2 4 3 5 8 8 39
2 0 3 5 39
5 0 2 4 3 5 4 6 5 7 39
10 0 1 3 2 4 3 5 5 7 6 8 7 9 9 10 10 11 13 12 39
1 0 39
6 0 3 5 4 6 15 7 23 9 37 17 39
8 0 1 3 2 4 3 5 4 6 6 8 10 9 27 10 39
16 0 1 3 2 4 3 5 5 7 6 8 7 9 9 10 10 11 14 12 15 16 23 17 24 22 25 23 28 25 37 26 39
11 0 2 4 4 6 5 7 6 8 8 10 10 11 11 12 19 17 20 18 31 21 39
2 0 1 3 39
6 0 1 3 2 4 5 7 8 8 25 16 39
1 0 39
15 0 1 3 2 4 5 7 6 8 7 9 9 10 22 12 23 19 26 24 27 26 29 27 30 29 32 30 33 31 39
3 0 1 3 2 4 39
11 0 1 3 2 4 3 5 4 6 5 7 8 10 10 11 11 12 16 15 25 16 39
3 0 2 3 3 4 39
7 0 2 4 3 5 4 6 5 7 8 9 9 10 39
4 0 1 3 9 5 10 6 39
3 0 2 4 5 6 39
6 0 1 3 3 4 5 7 9 10 26 11 39
1 0 39
6 0 1 3 4 4 6 5 7 6 20 7 39
5 0 4 3 5 7 6 8 16 11 39
5 0 1 3 2 4 6 8 14 10 39
3 0 1 2 2 3 39
2 0 3 3 39
1 0 39
5 0 1 3 2 4 4 5 6 8 39
2 0 2 4 39
11 0 4 3 5 7 6 8 7 9 24 17 25 18 26 25 27 26 29 28 37 29 39
2 0 1 3 39
1 0 39
6 0 3 4 4 6 6 7 25 8 34 12 39
3 0 1 3 4 5 39
3 0 4 3 28 5 39
2 0 7 9 39
8 0 1 3 2 4 3 5 5 6 6 7 7 8 8 9 39
9 0 1 3 2 4 5 5 6 8 9 11 32 22 33 24 35 27 39
2 0 1 3 39
4 0 1 3 6 5 7 9 39
1 0 39
1 0 39
2 0 4 3 39
14 0 1 3 2 4 4 5 5 6 8 8 10 11 11 12 16 15 21 18 28 22 32 23 34 30 36 31 39
9 0 5 5 8 7 14 12 15 15 16 16 19 17 21 18 22 21 39
18 0 1 3 3 5 4 6 5 7 7 9 14 10 16 15 17 17 19 18 20 19 21 20 22 21 24 23 27 25 34 26 35 28 37 29 39
3 0 1 3 9 4 39
1 0 39
1 0 39
1 0 39
2 0 4 3 39
10 0 1 3 2 4 4 5 5 7 7 8 8 9 9 10 15 12 16 17 39
6 0 3 4 6 5 7 8 8 9 15 11 39
6 0 2 4 3 5 4 6 6 8 8 9 39
4 0 2 4 5 7 10 8 39
3 0 2 3 6 4 39
5 0 3 5 5 6 8 9 9 10 39
7 0 13 8 19 12 21 20 22 21 27 23 31 25 39
1 0 39
4 0 2 3 3 5 5 6 39
1 0 39
16 0 1 3 2 4 5 6 6 7 7 8 8 9 9 11 16 12 18 16 20 18 31 20 32 22 33 24 35 27 37 31 39
5 0 2 3 3 5 5 6 6 7 39
6 0 2 4 3 5 5 7 8 9 11 10 39
2 0 1 3 39
4 0 3 3 4 5 10 6 39
3 0 1 3 2 4 39
3 0 4 3 10 6 39
10 0 1 3 2 4 3 5 5 7 6 8 7 9 14 10 16 12 26 16 39
1 0 39
11 0 1 3 2 4 7 6 14 10 15 11 25 16 26 23 27 26 29 28 30 29 39
2 0 7 3 39
1 0 39
1 0 39
9 0 1 3 2 4 3 5 4 6 7 7 8 9 10 10 15 12 39
1 0 39
7 0 2 4 4 6 5 7 6 8 10 10 14 11 39
9 0 1 3 2 4 4 5 5 7 7 9 10 11 14 12 33 15 39
2 0 1 3 39
5 0 1 3 6 4 8 9 9 10 39
4 0 1 3 3 4 5 5 39
1 0 39
6 0 2 4 6 8 9 9 15 11 21 17 39
8 0 4 3 5 5 10 6 29 22 31 26 34 27 35 31 39
4 0 6 7 7 8 8 9 39
3 0 6 3 15 6 39
2 0 1 3 39
4 0 3 5 7 8 8 9 39
15 0 1 3 2 4 3 5 5 7 6 8 10 11 14 12 15 16 18 17 19 18 20 19 22 21 28 22 29 24 39
15 0 1 3 2 4 3 5 4 6 5 7 6 8 7 9 8 10 10 11 14 12 16 16 20 18 30 20 34 22 39
2 0 1 3 39
3 0 7 8 8 9 39
1 0 39
9 0 1 3 2 4 4 6 5 7 6 8 7 9 34 27 35 29 39
3 0 1 3 2 4 39
7 0 1 3 2 4 3 5 4 6 5 7 7 9 39
12 0 1 3 2 4 3 5 4 6 5 7 6 8 7 9 9 10 10 11 14 12 26 16 39
11 0 1 3 2 4 5 7 6 8 8 9 17 10 18 11 21 19 23 21 24 23 39
3 0 4 5 6 6 39
1 0 39
1 0 39
4 0 2 4 5 7 9 8 39
4 0 4 3 6 6 7 8 39
2 0 2 3 39
1 0 39
1 0 39
9 0 2 3 3 5 24 6 29 7 30 29 32 30 33 31 35 32 39
2 0 3 3 39
7 0 2 3 5 7 20 12 21 18 24 21 28 22 39
15 0 2 4 4 5 5 7 6 8 7 9 8 10 10 11 16 12 18 16 19 17 20 18 23 19 29 20 30 22 39
2 0 2 4 39
3 0 2 3 7 9 39
8 0 2 4 3 5 5 7 6 8 7 9 9 10 16 11 39
1 0 39
2 0 2 3 39
4 0 1 2 3 3 4 5 39
12 0 1 3 2 4 3 5 4 6 5 7 6 8 7 9 9 10 10 11 14 12 27 15 39
8 0 6 8 10 9 24 12 25 19 28 21 29 22 31 26 39
7 0 3 5 5 6 7 8 8 9 9 10 13 11 39
2 0 5 3 39
1 0 39
4 0 6 3 7 8 14 9 39
3 0 4 3 6 5 39
11 0 1 3 2 4 4 6 5 7 7 9 9 10 10 11 22 12 31 15 37 28 39
1 0 39
4 0 2 4 6 5 7 7 39
3 0 3 3 12 4 39
8 0 1 3 2 4 3 5 4 6 5 7 7 8 8 9 39
6 0 2 4 3 5 5 7 6 8 9 9 39
2 0 2 4 39
6 0 6 5 7 6 10 8 13 9 20 11 39
7 0 1 3 2 4 4 5 6 6 8 8 9 9 39
10 0 3 3 4 4 9 5 10 11 14 12 15 15 16 16 18 17 26 18 39
2 0 3 3 39
8 0 2 4 4 5 7 6 9 9 10 11 23 12 31 25 39
1 0 39
2 0 2 4 39
14 0 2 4 4 6 5 7 7 8 8 9 9 11 14 12 22 16 24 19 25 24 26 25 27 26 29 27 39
1 0 39
14 0 5 5 6 7 8 8 9 10 13 11 14 12 15 16 19 17 21 18 23 19 27 21 31 23 34 27 39
1 0 39
6 0 2 4 4 6 5 7 7 8 9 10 39
3 0 1 3 10 5 39
2 0 1 3 39
1 0 39
1 0 39
5 0 2 4 5 7 7 8 15 9 39
1 0 39
2 0 2 4 39
4 0 3 3 4 4 5 5 39
15 0 1 3 2 4 3 5 5 7 6 8 7 9 9 10 10 11 15 12 30 17 32 30 33 31 35 32 37 33 39
8 0 4 3 10 7 13 11 14 12 15 15 16 16 19 17 39
10 0 1 3 2 4 3 5 6 7 7 9 24 15 25 24 26 25 33 26 39
5 0 2 4 4 6 6 8 32 10 39
7 0 2 4 4 5 5 6 6 7 7 9 36 11 39
2 0 8 3 39
9 0 1 3 2 4 3 5 4 6 5 7 6 8 7 9 13 10 39
6 0 3 3 4 6 6 7 10 8 19 10 39
6 0 5 5 6 7 7 9 10 11 11 12 39
6 0 2 4 4 6 5 7 7 8 9 9 39
7 0 3 5 4 6 5 7 6 8 8 10 10 11 39
12 0 2 3 3 4 5 7 6 8 9 10 10 11 14 12 18 16 19 17 25 18 26 20 39
3 0 2 4 6 8 39
5 0 2 4 4 5 5 7 8 10 39
1 0 39
5 0 2 4 3 5 4 6 6 7 39
6 0 2 3 3 4 4 5 5 6 10 7 39
2 0 2 4 39
2 0 2 4 39
7 0 2 4 3 5 4 6 5 7 6 8 8 9 39
2 0 5 5 39
13 0 2 4 3 5 5 7 7 9 13 11 14 12 15 16 16 17 22 18 29 22 32 24 37 25 39
1 0 39
2 0 4 4 39
6 0 2 4 5 7 6 8 8 9 9 10 39
12 0 2 4 3 5 4 6 7 8 17 16 18 17 25 18 32 19 34 21 36 26 37 33 39
3 0 2 4 6 8 39
4 0 4 5 5 6 9 7 39
2 0 3 4 39
1 0 39
4 0 2 4 4 5 7 6 39
4 0 2 4 4 6 5 7 39
2 0 8 4 39
10 0 2 4 4 5 5 7 6 8 7 9 8 10 10 11 16 12 25 16 39
3 0 2 4 5 7 39
2 0 2 4 39
2 0 3 4 39
8 0 2 4 4 5 5 7 6 8 8 9 9 10 10 11 39
2 0 2 4 39
3 0 6 6 7 9 39
4 0 5 7 6 8 7 9 39
2 0 6 4 39
3 0 8 4 9 9 39
2 0 3 4 39
2 0 7 5 39
4 0 8 5 18 7 25 8 39
9 0 8 8 9 10 15 11 18 16 26 18 27 20 35 25 37 26 39
4 0 2 4 3 5 5 7 39
1 0 39
4 0 21 8 25 11 30 22 39
7 0 2 4 3 5 4 6 5 7 6 8 30 9 39
3 0 2 4 3 5 39
10 0 2 4 4 5 5 6 6 7 17 8 22 12 23 17 24 18 25 19 39
3 0 2 4 7 5 39
6 0 2 4 3 5 4 6 5 7 6 8 39
2 0 5 4 39
6 0 2 4 4 6 8 8 9 10 10 11 39
5 0 2 4 19 12 24 17 30 21 39
6 0 2 4 5 7 6 8 9 10 25 11 39
10 0 3 5 4 6 5 7 7 8 15 10 22 12 24 18 26 22 28 24 39
7 0 2 4 3 5 4 6 5 7 6 8 7 9 39
3 0 2 4 4 5 39
11 0 2 4 3 5 4 6 5 7 6 8 7 9 8 10 10 11 15 15 16 16 39
7 0 2 4 3 5 4 6 7 7 9 8 15 9 39
5 0 4 5 5 7 6 8 26 9 39
4 0 3 5 9 7 16 10 39
2 0 2 4 39
5 0 2 4 4 6 6 7 7 8 39
1 0 39
8 0 2 4 3 5 5 7 6 8 7 9 9 11 13 12 39
3 0 7 7 8 9 39
5 0 2 4 4 5 5 7 12 8 39
1 0 39
7 0 2 4 4 6 5 7 6 8 7 9 10 11 39
3 0 8 9 35 10 39
2 0 13 4 39
2 0 2 4 39
1 0 39
1 0 39
11 0 3 4 5 7 6 8 7 9 8 10 10 11 21 12 24 15 25 16 35 26 39
6 0 2 4 5 7 7 8 8 9 34 10 39
13 0 2 4 3 5 5 6 6 8 8 10 10 11 13 12 27 18 28 25 34 26 35 28 37 33 39
1 0 39
3 0 2 4 4 6 39
15 0 3 4 5 5 6 7 7 8 8 9 9 10 10 11 13 12 15 16 20 17 23 18 30 19 33 23 37 25 39
8 0 3 5 6 8 8 9 10 11 11 12 24 17 30 21 39
2 0 4 4 39
1 0 39
4 0 2 4 3 5 18 6 39
2 0 2 4 39
10 0 2 4 3 5 4 6 5 7 6 8 7 9 9 10 23 11 25 16 39
4 0 2 4 5 7 7 9 39
1 0 39
4 0 4 4 5 5 25 6 39
1 0 39
2 0 2 4 39
6 0 2 4 3 5 5 7 7 9 25 10 39
1 0 39
6 0 3 4 6 6 7 7 13 8 24 9 39
7 0 3 4 4 5 5 6 7 7 8 9 16 10 39
2 0 2 4 39
2 0 3 4 39
10 0 2 4 3 5 4 6 5 7 6 8 7 9 13 11 14 12 15 15 39
11 0 2 4 3 5 4 6 6 8 7 9 9 10 13 11 24 17 28 25 30 26 39
7 0 2 4 3 5 5 7 6 8 7 9 35 10 39
3 0 4 4 5 7 39
11 0 2 4 4 6 5 7 6 8 7 9 19 10 21 15 28 21 32 22 37 23 39
3 0 6 6 7 8 39
12 0 2 4 3 5 5 7 6 8 7 9 9 10 10 11 13 12 15 15 19 17 20 18 39
11 0 2 4 4 5 5 6 6 7 7 9 16 10 31 18 33 31 35 32 37 33 39
4 0 2 4 3 5 6 8 39
1 0 39
2 0 2 4 39
4 0 2 4 6 8 7 9 39
2 0 3 4 39
3 0 2 4 3 5 39
17 0 2 4 4 5 5 7 7 8 13 11 14 12 15 15 16 16 21 17 23 18 28 20 29 24 32 25 33 31 35 32 36 33 39
1 0 39
10 0 2 4 3 5 4 6 5 7 6 8 8 9 9 10 11 11 13 12 39
2 0 2 4 39
1 0 39
3 0 3 4 37 24 39
5 0 2 4 4 6 8 9 9 10 39
5 0 2 4 3 5 5 6 9 7 39
2 0 3 5 39
1 0 39
2 0 5 4 39
1 0 39
1 0 39
1 0 39
3 0 3 4 7 5 39
4 0 4 6 7 7 8 9 39
1 0 39
3 0 7 4 9 7 39
1 0 39
1 0 39
1 0 39
9 0 2 4 4 5 5 7 26 25 27 26 29 28 30 29 36 31 39
11 0 5 4 8 7 13 10 15 11 18 17 20 18 22 20 25 22 32 23 34 24 39
3 0 3 4 5 5 39
5 0 3 5 4 6 8 7 9 8 39
2 0 2 4 39
4 0 2 4 6 5 15 8 39
9 0 2 4 3 5 4 6 5 7 6 8 7 9 9 11 13 12 39
2 0 2 4 39
10 0 2 4 3 5 4 6 5 7 6 8 7 9 9 10 27 18 29 26 39
3 0 3 4 4 5 39
6 0 2 4 3 5 5 7 6 8 7 9 39
1 0 39
1 0 39
9 0 2 4 3 5 4 6 6 7 7 8 10 9 13 10 14 12 39
9 0 2 4 3 5 4 6 5 7 6 8 9 9 10 11 16 12 39
3 0 2 4 3 5 39
3 0 3 4 6 5 39
1 0 39
1 0 39
1 0 39
1 0 39
1 0 39
1 0 39
1 0 39
22 0 2 4 3 5 4 6 5 7 6 8 7 9 9 10 14 11 16 15 21 16 23 18 24 22 25 24 26 25 27 26 29 27 30 29 32 30 33 31 35 32 36 33 39
4 0 2 4 4 5 5 6 39
6 0 2 4 6 7 7 8 16 9 30 10 39
5 0 3 5 6 8 9 10 25 11 39
10 0 2 4 3 5 4 6 6 8 8 9 9 10 31 12 35 31 36 32 39
1 0 39
1 0 39
9 0 2 4 3 5 4 6 5 7 6 8 7 9 8 10 9 11 39
3 0 2 4 3 5 39
4 0 5 7 7 9 10 10 39
6 0 2 4 4 6 7 7 12 8 22 9 39
10 0 3 5 4 6 6 8 8 10 10 11 11 12 15 16 16 17 31 21 39
2 0 7 4 39
14 0 6 4 8 9 9 10 14 12 15 16 19 17 20 18 21 19 25 21 29 23 30 29 32 30 33 31 39
14 0 2 4 3 5 4 6 6 8 7 9 9 10 10 11 19 17 31 20 32 21 33 31 35 32 36 33 39
6 0 2 4 3 5 4 6 5 7 9 11 39
15 0 2 4 3 5 4 6 5 7 6 8 7 9 8 10 9 11 11 12 18 15 21 17 23 21 24 24 26 25 39
7 0 3 5 5 7 6 8 7 9 9 10 22 11 39
2 0 3 4 39
3 0 5 6 8 9 39
1 0 39
1 0 39
13 0 2 4 3 5 5 7 6 8 7 9 15 15 17 16 18 17 26 19 31 24 32 25 34 27 39
2 0 5 4 39
4 0 2 4 3 5 5 6 39
1 0 39
2 0 2 4 39
4 0 3 4 5 7 18 8 39
8 0 2 4 4 6 5 7 6 8 7 9 15 10 18 11 39
3 0 2 4 5 7 39
9 0 2 4 13 5 15 12 19 15 21 17 25 18 32 19 34 21 39
5 0 2 4 4 5 8 8 10 9 39
2 0 8 4 39
1 0 39
4 0 6 4 9 8 16 10 39
4 0 4 4 5 5 6 7 39
7 0 2 4 3 5 6 8 7 9 8 10 9 11 39
6 0 3 5 8 7 9 10 10 11 13 12 39
5 0 3 4 5 5 8 9 10 10 39
2 0 6 4 39
2 0 2 4 39
4 0 4 5 6 8 7 9 39
6 0 2 4 5 7 6 8 8 9 19 10 39
5 0 5 7 7 8 8 9 35 10 39
6 0 3 5 5 7 6 8 9 9 15 11 39
1 0 39
2 0 3 4 39
1 0 39
1 0 39
1 0 39
2 0 3 4 39
2 0 17 4 39
9 0 5 5 6 7 7 9 9 10 18 11 23 18 24 20 30 21 39
1 0 39
2 0 9 4 39
6 0 2 4 4 6 6 8 9 10 25 11 39
6 0 2 4 3 5 5 7 6 8 7 9 39
5 0 2 4 7 6 8 9 20 10 39
5 0 2 4 5 7 23 9 30 25 39
1 0 39
2 0 3 5 39
8 0 2 4 4 6 5 7 6 8 7 9 9 10 10 11 39
1 0 39
3 0 5 4 6 8 39
3 0 3 4 4 5 39
5 0 2 4 4 5 5 7 8 10 39
1 0 39
1 0 39
6 0 3 5 4 6 5 7 7 8 8 9 39
8 0 2 4 3 5 6 6 7 7 10 8 11 9 20 12 39
3 0 3 4 4 5 39
9 0 3 5 4 6 8 9 9 10 10 11 11 12 35 17 37 21 39
2 0 3 5 39
10 0 3 5 4 6 5 7 6 8 7 9 24 18 26 22 28 25 30 26 39
4 0 3 5 4 6 7 7 39
3 0 6 6 8 7 39
11 0 3 4 7 5 9 10 11 11 21 12 32 13 33 23 35 29 36 31 37 33 39
7 0 2 4 3 5 7 6 8 7 9 10 19 11 39
2 0 6 4 39
3 0 3 4 7 5 39
7 0 3 5 4 6 5 7 6 8 9 9 10 11 39
5 0 6 8 7 9 10 10 13 11 39
5 0 5 7 9 8 10 10 18 11 39
2 0 3 4 39
8 0 3 4 4 5 5 7 6 8 7 9 9 10 14 11 39
3 0 3 4 6 8 39
12 0 2 4 3 5 4 6 5 7 7 9 9 10 14 11 18 12 24 16 26 25 28 26 39
8 0 2 4 3 5 6 7 7 9 23 15 30 17 37 25 39
2 0 3 5 39
1 0 39
5 0 3 4 5 5 8 7 14 9 39
6 0 2 4 3 5 8 7 15 10 17 17 39
1 0 39
5 0 4 4 5 5 8 6 16 7 39
1 0 39
5 0 5 6 6 8 7 9 15 10 39
5 0 3 4 5 7 6 8 8 9 39
9 0 3 5 5 6 6 7 7 9 15 10 16 15 19 16 21 17 39
5 0 3 5 6 7 7 8 9 9 39
1 0 39
5 0 3 5 6 8 7 9 10 10 39
8 0 2 4 3 5 4 6 7 7 8 8 15 9 23 10 39
8 0 5 4 6 8 8 9 10 10 11 11 18 16 27 17 39
8 0 3 4 4 5 5 6 6 8 9 9 10 10 14 11 39
3 0 3 5 8 10 39
8 0 2 4 3 5 5 7 6 8 10 9 12 10 13 11 39
1 0 39
1 0 39
2 0 3 5 39
2 0 5 5 39
1 0 39
2 0 32 6 39
13 0 3 5 5 6 6 8 7 9 9 10 10 11 12 12 15 15 16 16 19 17 27 18 28 21 39
11 0 4 5 6 8 10 10 11 11 16 12 18 13 28 18 30 20 31 27 34 30 39
2 0 7 5 39
5 0 10 11 11 12 29 16 30 22 39
1 0 39
4 0 3 5 5 7 6 8 39
7 0 3 5 4 6 5 7 6 8 9 10 10 11 39
2 0 3 5 39
6 0 3 5 4 6 5 7 7 8 14 9 39
6 0 9 9 16 11 23 21 24 24 26 25 39
4 0 3 5 9 6 14 9 39
1 0 39
5 0 5 5 7 7 9 8 31 9 39
7 0 6 7 8 8 9 9 10 10 16 11 33 12 39
8 0 3 5 4 6 5 7 6 8 7 9 8 10 16 11 39
5 0 6 8 7 9 12 10 35 12 39
2 0 3 5 39
2 0 3 5 39
1 0 39
3 0 9 5 35 11 39
1 0 39
7 0 3 5 4 6 5 7 7 8 9 9 23 11 39
7 0 3 5 4 6 6 8 7 9 13 10 22 11 39
2 0 3 5 39
1 0 39
5 0 3 5 4 6 5 7 6 8 39
5 0 3 5 5 7 7 8 23 9 39
2 0 5 5 39
1 0 39
4 0 3 5 6 8 7 9 39
3 0 3 5 9 7 39
11 0 3 5 4 6 5 7 6 8 7 9 9 10 16 11 22 18 24 19 25 24 39
5 0 3 5 5 7 7 8 8 9 39
1 0 39
12 0 3 5 5 6 6 8 7 9 15 16 17 17 24 18 29 22 31 25 36 26 37 32 39
3 0 3 5 36 9 39
1 0 39
4 0 5 6 6 7 25 10 39
16 0 3 5 4 6 6 7 7 8 8 9 9 10 15 11 17 16 18 17 23 21 25 24 26 25 30 26 32 27 34 31 39
4 0 5 5 6 7 14 8 39
1 0 39
1 0 39
5 0 3 4 4 5 5 6 15 7 39
7 0 3 5 8 9 9 10 20 16 23 20 24 22 39
3 0 3 5 5 7 39
1 0 39
1 0 39
7 0 5 4 6 5 8 7 10 8 13 10 33 12 39
2 0 5 5 39
1 0 39
7 0 3 5 5 7 6 8 9 9 14 10 18 11 39
1 0 39
2 0 3 5 39
6 0 3 5 7 6 10 7 12 9 20 12 39
2 0 3 5 39
4 0 6 8 7 9 9 10 39
8 0 4 5 5 6 6 7 8 8 9 9 15 10 16 11 39
3 0 5 3 9 5 39
1 0 39
7 0 3 5 24 17 26 23 27 26 33 28 36 33 39
1 0 39
4 0 5 7 7 9 9 10 39
7 0 3 5 4 6 6 8 7 9 9 10 15 11 39
1 0 39
2 0 3 5 39
9 0 3 5 5 6 7 7 9 8 17 9 23 11 25 18 30 19 39
1 0 39
2 0 5 5 39
1 0 39
9 0 5 7 7 9 8 10 9 11 13 12 15 15 16 16 19 17 39
1 0 39
1 0 39
4 0 5 7 8 8 16 9 39
3 0 3 5 7 8 39
5 0 6 5 8 8 10 9 14 10 39
5 0 3 5 4 6 5 7 23 9 39
2 0 5 5 39
4 0 3 5 5 7 35 8 39
2 0 7 5 39
1 0 39
1 0 39
1 0 39
1 0 39
1 0 39
6 0 6 7 7 8 8 10 22 11 35 16 39
1 0 39
1 0 39
1 0 39
1 0 39
4 0 5 5 14 7 23 15 39
8 0 5 7 7 8 9 9 16 10 21 11 25 12 31 18 39
1 0 39
5 0 3 5 5 6 7 7 10 9 39
1 0 39
5 0 4 4 5 7 7 8 8 9 39
1 0 39
1 0 39
1 0 39
1 0 39
5 0 5 7 7 8 8 9 9 10 39
1 0 39
1 0 39
1 0 39
6 0 6 8 7 9 10 10 15 11 23 12 39
4 0 3 5 6 8 10 9 39
1 0 39
4 0 3 5 4 6 5 7 39
1 0 39
1 0 39
1 0 39
6 0 5 5 6 8 7 9 9 11 11 12 39
1 0 39
2 0 5 5 39
1 0 39
3 0 6 5 7 8 39
6 0 3 5 15 6 17 10 29 12 35 17 39
1 0 39
4 0 3 5 5 6 6 7 39
4 0 5 6 6 8 37 10 39
9 0 3 5 4 6 5 7 6 8 8 9 9 10 20 11 34 12 39
1 0 39
1 0 39
2 0 6 5 39
3 0 7 5 8 8 39
7 0 4 4 5 5 6 6 7 8 9 10 10 11 39
4 0 4 5 5 6 7 7 39
1 0 39
1 0 39
1 0 39
6 0 4 6 5 7 6 8 8 9 9 10 39
3 0 4 6 5 7 39
2 0 3 5 39
2 0 3 5 39
5 0 3 5 6 8 7 9 15 10 39
3 0 6 8 22 9 39
4 0 4 5 5 7 6 8 39
1 0 39
1 0 39
1 0 39
1 0 39
6 0 3 5 4 6 8 7 10 11 16 12 39
7 0 3 4 4 6 5 7 6 8 9 10 10 11 39
1 0 39
4 0 3 5 6 8 14 9 39
4 0 3 4 4 5 6 6 39
3 0 6 7 7 8 39
1 0 39
1 0 39
2 0 3 5 39
4 0 6 7 8 9 30 10 39
3 0 16 9 30 10 39
1 0 39
1 0 39
2 0 9 5 39
4 0 6 8 8 9 9 11 39
5 0 4 6 5 7 6 8 9 9 39
1 0 39
4 0 4 6 6 8 8 9 39
6 0 3 5 8 10 9 11 26 13 36 23 39
1 0 39
12 0 3 5 4 6 5 7 6 8 14 12 15 16 18 17 22 18 32 25 36 26 37 32 39
11 0 9 9 10 11 14 12 15 15 16 16 19 17 20 18 21 19 27 21 34 27 39
3 0 4 5 6 8 39
1 0 39
5 0 6 5 9 6 10 8 31 11 39
7 0 4 6 7 8 8 9 16 12 21 17 23 18 39
8 0 4 6 5 7 6 8 9 9 14 11 23 16 29 24 39
1 0 39
2 0 3 5 39
2 0 4 6 39
1 0 39
5 0 5 7 7 8 8 9 26 10 39
3 0 6 6 8 8 39
1 0 39
10 0 5 5 6 6 7 9 9 10 19 11 27 16 34 26 35 28 37 29 39
9 0 4 5 6 6 7 7 8 8 9 9 10 10 18 11 29 15 39
2 0 7 5 39
7 0 3 5 4 6 5 7 6 8 7 9 9 10 39
2 0 7 9 39
3 0 4 6 8 7 39
1 0 39
5 0 4 6 5 7 7 8 14 9 39
4 0 4 6 5 7 7 9 39
3 0 4 6 5 7 39
3 0 5 7 7 9 39
4 0 5 7 6 8 7 9 39
7 0 7 7 10 9 18 17 19 18 21 19 22 20 39
2 0 4 6 39
11 0 5 6 6 7 9 8 13 9 18 10 20 11 23 16 24 17 25 18 26 25 39
5 0 4 6 6 7 7 8 8 9 39
3 0 4 6 6 7 39
2 0 4 6 39
2 0 5 6 39
2 0 5 7 39
1 0 39
5 0 4 6 5 7 7 8 9 9 39
5 0 5 6 6 8 10 9 13 10 39
4 0 5 6 6 8 7 9 39
1 0 39
2 0 5 6 39
6 0 9 9 10 10 15 11 16 16 20 17 39
1 0 39
1 0 39
3 0 6 6 7 7 39
9 0 8 9 9 10 10 11 13 12 27 13 35 29 36 31 37 33 39
4 0 4 6 6 7 8 8 39
4 0 8 9 9 10 10 11 39
1 0 39
1 0 39
5 0 4 6 5 7 6 8 7 9 39
4 0 4 6 6 7 8 8 39
1 0 39
13 0 5 7 6 8 8 9 9 11 15 12 16 15 18 16 20 17 24 18 26 22 30 26 36 28 39
2 0 4 6 39
3 0 4 6 5 7 39
2 0 5 6 39
1 0 39
14 0 4 6 5 7 7 8 8 9 9 10 15 11 19 17 27 20 28 21 32 22 33 24 35 27 37 28 39
1 0 39
3 0 4 5 5 6 39
6 0 6 7 9 10 10 11 15 12 22 17 39
1 0 39
6 0 5 5 6 6 7 7 9 9 22 11 39
5 0 4 6 5 7 6 8 25 9 39
6 0 4 6 5 7 6 8 7 9 9 10 39
12 0 4 6 5 7 6 8 9 9 15 11 18 16 19 17 21 19 22 20 30 21 34 23 39
1 0 39
6 0 4 6 5 7 6 8 7 9 9 10 39
5 0 4 6 6 7 7 8 9 9 39
5 0 4 6 7 8 8 9 9 10 39
6 0 4 6 5 7 7 9 10 11 14 12 39
3 0 5 6 6 7 39
2 0 5 7 39
14 0 4 6 5 7 6 8 8 9 9 11 19 16 20 17 21 18 22 20 23 21 28 25 29 26 35 30 39
5 0 5 7 7 8 8 9 9 10 39
2 0 7 9 39
3 0 6 7 7 8 39
2 0 24 6 39
2 0 5 7 39
1 0 39
6 0 4 6 5 7 9 8 15 9 26 11 39
6 0 4 6 5 7 6 8 9 9 16 11 39
4 0 4 5 5 6 6 8 39
14 0 5 7 7 8 10 9 19 12 21 16 23 18 24 21 28 22 29 26 31 29 33 31 35 32 36 33 39
3 0 4 6 13 7 39
2 0 5 7 39
1 0 39
7 0 5 7 6 8 9 9 10 10 14 11 19 12 39
1 0 39
2 0 7 6 39
3 0 5 7 9 8 39
6 0 4 6 5 7 10 9 13 10 22 12 39
1 0 39
3 0 6 7 7 9 39
5 0 6 6 7 8 9 9 18 10 39
3 0 5 6 35 7 39
3 0 6 7 8 8 39
3 0 5 7 10 9 39
1 0 39
5 0 4 6 5 7 8 8 13 10 39
11 0 4 6 5 7 7 8 8 9 9 10 10 11 15 14 16 15 20 16 25 17 39
2 0 5 7 39
4 0 5 7 12 12 15 14 39
9 0 4 6 5 7 6 8 7 9 10 10 14 11 16 16 19 18 39
1 0 39
3 0 13 9 20 11 39
4 0 8 9 17 10 32 12 39
2 0 4 6 39
2 0 11 6 39
2 0 33 6 39
5 0 33 15 34 28 35 32 36 33 39
4 0 4 6 7 7 8 8 39
2 0 24 6 39
1 0 39
4 0 5 6 6 8 7 9 39
1 0 39
1 0 39
1 0 39
3 0 5 7 6 8 39
1 0 39
3 0 7 8 8 9 39
1 0 39
4 0 7 7 8 8 9 9 39
2 0 5 6 39
4 0 4 6 5 7 10 8 39
1 0 39
1 0 39
1 0 39
7 0 4 4 5 7 6 8 10 9 28 11 37 28 39
1 0 39
2 0 5 7 39
4 0 4 6 5 7 9 8 39
5 0 5 7 6 8 7 9 14 10 39
2 0 5 6 39
7 0 5 7 6 8 7 9 14 10 16 15 17 16 39
2 0 5 7 39
4 0 5 5 6 8 9 10 39
1 0 39
2 0 5 7 39
2 0 5 6 39
1 0 39
4 0 5 7 7 8 16 9 39
5 0 5 7 14 10 16 12 24 16 39
1 0 39
7 0 5 7 6 8 7 9 9 11 14 12 15 16 39
3 0 6 7 25 8 39
1 0 39
1 0 39
5 0 5 7 7 9 18 10 33 18 39
13 0 5 7 6 8 7 9 9 10 13 11 14 12 16 15 19 18 21 19 22 20 25 21 37 22 39
1 0 39
2 0 5 7 39
3 0 10 7 18 10 39
2 0 5 7 39
3 0 6 3 7 8 39
2 0 5 7 39
1 0 39
2 0 6 8 39
17 0 5 7 6 8 8 9 9 10 15 11 16 12 18 16 19 17 21 18 22 20 23 21 24 24 26 25 27 26 29 28 31 29 39
1 0 39
2 0 7 7 39
7 0 5 7 9 10 10 11 14 12 16 15 22 16 39
3 0 5 7 6 8 39
10 0 5 7 7 8 16 16 17 17 19 18 26 22 28 25 30 26 33 27 39
1 0 39
1 0 39
1 0 39
8 0 5 7 6 8 8 9 10 10 13 11 15 12 23 17 39
4 0 6 7 7 8 25 9 39
3 0 6 8 7 9 39
2 0 5 7 39
1 0 39
1 0 39
5 0 6 8 7 9 8 10 36 11 39
1 0 39
1 0 39
1 0 39
3 0 5 5 6 7 39
1 0 39
1 0 39
1 0 39
1 0 39
1 0 39
1 0 39
3 0 5 7 9 8 39
4 0 7 7 8 8 9 9 39
1 0 39
1 0 39
2 0 18 7 39
7 0 5 7 6 8 8 9 9 11 17 12 33 17 39
1 0 39
1 0 39
4 0 5 7 15 8 20 12 39
2 0 9 7 39
2 0 5 7 39
1 0 39
3 0 8 9 9 10 39
1 0 39
12 0 5 7 7 8 8 9 23 10 25 16 30 21 31 25 32 27 33 30 34 31 36 32 39
10 0 6 8 8 9 10 10 22 12 23 21 24 22 25 24 33 25 35 26 39
6 0 6 7 7 8 8 9 9 10 16 11 39
1 0 39
2 0 6 8 39
1 0 39
5 0 5 7 6 8 8 9 9 10 39
4 0 5 7 7 8 8 9 39
3 0 9 7 32 11 39
3 0 8 8 13 10 39
1 0 39
6 0 5 7 6 8 8 9 15 10 35 17 39
2 0 8 9 39
2 0 5 7 39
8 0 5 7 7 9 14 11 15 16 20 17 32 22 35 31 39
2 0 5 7 39
7 0 5 7 6 8 7 9 10 10 23 15 26 16 39
4 0 5 7 7 9 8 10 39
7 0 5 7 6 8 7 9 8 10 10 11 16 12 39
3 0 5 7 6 8 39
6 0 5 7 6 8 8 9 13 10 35 11 39
2 0 5 7 39
7 0 5 7 6 8 7 9 8 10 10 11 13 12 39
11 0 5 7 6 8 8 10 13 12 16 15 17 16 20 17 23 18 25 22 32 25 39
2 0 5 7 39
1 0 39
1 0 39
1 0 39
4 0 6 7 8 8 19 10 39
5 0 6 7 7 8 9 10 13 11 39
1 0 39
2 0 5 7 39
3 0 5 6 6 7 39
1 0 39
1 0 39
1 0 39
1 0 39
1 0 39
1 0 39
3 0 6 7 9 8 39
3 0 6 6 7 8 39
5 0 6 8 10 9 13 10 29 15 39
2 0 5 7 39
1 0 39
4 0 6 7 7 9 9 10 39
1 0 39
4 0 5 7 6 8 13 9 39
4 0 5 7 7 8 22 9 39
8 0 5 7 6 8 7 9 9 10 21 11 22 15 37 20 39
3 0 5 7 6 8 39
9 0 5 7 6 8 7 9 8 10 10 11 26 12 30 22 37 28 39
1 0 39
2 0 7 7 39
1 0 39
1 0 39
1 0 39
2 0 7 7 39
4 0 5 7 6 8 28 9 39
1 0 39
2 0 6 7 39
5 0 6 8 8 9 10 10 13 11 39
1 0 39
1 0 39
2 0 5 7 39
11 0 5 6 6 8 8 9 9 11 13 12 15 16 17 17 19 18 23 21 31 23 39
1 0 39
3 0 6 7 17 8 39
3 0 5 7 6 8 39
3 0 6 8 7 9 39
5 0 5 7 6 8 7 9 10 10 39
8 0 6 8 16 12 29 18 30 29 33 30 34 31 37 32 39
7 0 9 7 13 11 15 15 19 17 23 18 24 21 39
2 0 5 7 39
2 0 15 5 39
2 0 7 9 39
1 0 39
1 0 39
7 0 5 7 6 8 7 9 9 10 10 11 14 12 39
1 0 39
8 0 5 7 6 8 8 10 24 24 26 25 27 26 31 28 39
3 0 6 6 8 8 39
7 0 5 7 6 8 8 9 9 10 10 11 14 12 39
2 0 28 7 39
1 0 39
2 0 5 7 39
4 0 7 8 8 9 10 10 39
10 0 6 8 7 9 9 10 10 11 13 12 19 17 20 18 27 21 30 22 39
1 0 39
14 0 5 7 6 8 8 9 9 11 11 12 15 16 18 17 20 19 21 20 22 21 24 24 26 25 32 26 39
3 0 5 7 15 8 39
1 0 39
1 0 39
1 0 39
6 0 5 7 6 8 7 9 18 11 22 15 39
2 0 6 8 39
3 0 6 8 8 9 39
1 0 39
3 0 6 7 7 8 39
3 0 8 9 9 10 39
1 0 39
2 0 7 7 39
3 0 6 8 7 9 39
3 0 7 9 16 11 39
5 0 6 8 10 9 13 10 14 12 39
3 0 6 8 8 9 39
5 0 6 8 7 9 9 10 14 11 39
3 0 6 7 7 8 39
2 0 6 8 39
1 0 39
1 0 39
1 0 39
1 0 39
3 0 6 7 7 9 39
15 0 6 8 7 9 9 10 14 12 15 16 16 17 20 18 23 19 24 20 25 23 27 25 30 26 32 27 37 29 39
8 0 6 8 7 9 10 11 13 12 19 15 22 18 23 21 39
7 0 9 10 14 11 16 12 20 17 29 18 35 22 39
5 0 6 8 7 9 10 11 13 12 39
5 0 6 8 8 9 9 10 37 11 39
16 0 6 8 8 9 9 10 10 11 11 12 16 17 19 18 20 19 21 21 24 22 25 23 29 24 32 25 34 30 36 31 39
4 0 6 8 8 9 9 10 39
3 0 6 8 7 9 39
1 0 39
4 0 8 8 9 10 25 11 39
2 0 7 9 39
6 0 6 8 8 9 34 10 36 31 37 33 39
3 0 6 8 8 9 39
1 0 39
3 0 6 8 8 9 39
3 0 6 8 7 9 39
3 0 6 8 11 9 39
5 0 6 8 9 9 10 10 14 11 39
2 0 6 8 39
3 0 6 8 9 11 39
1 0 39
1 0 39
3 0 6 8 7 9 39
1 0 39
3 0 10 11 11 12 39
1 0 39
2 0 7 9 39
1 0 39
7 0 8 9 10 10 22 11 24 20 32 24 36 25 39
1 0 39
4 0 6 8 25 9 26 10 39
1 0 39
15 0 8 8 9 10 10 11 13 12 18 16 19 18 20 19 21 21 24 22 29 24 30 27 32 29 33 30 35 31 39
9 0 6 8 8 10 18 11 19 18 21 21 24 22 26 23 35 24 39
3 0 8 8 29 10 39
3 0 9 8 27 10 39
4 0 10 11 14 12 25 19 39
5 0 6 8 7 9 9 10 14 11 39
1 0 39
4 0 7 8 8 9 34 10 39
2 0 7 8 39
2 0 28 9 39
1 0 39
3 0 7 8 8 9 39
1 0 39
3 0 6 8 7 9 39
4 0 6 8 7 9 10 10 39
1 0 39
3 0 6 8 7 9 39
4 0 7 9 9 10 19 11 39
1 0 39
3 0 6 7 7 8 39
18 0 7 8 8 9 9 10 10 11 14 12 15 14 16 15 20 16 21 17 23 18 24 24 26 25 27 26 30 27 32 28 33 29 36 30 39
1 0 39
2 0 6 8 39
3 0 7 9 16 10 39
2 0 6 8 39
1 0 39
13 0 6 8 7 9 9 10 16 11 18 13 19 16 20 18 22 20 23 21 25 22 32 25 33 26 39
8 0 6 8 7 9 8 10 9 11 15 15 16 16 18 17 39
7 0 6 8 7 9 23 11 25 18 28 26 29 27 39
1 0 39
7 0 7 8 8 9 10 10 14 11 15 16 18 17 39
14 0 8 9 9 10 10 11 11 12 15 16 18 17 23 20 25 22 26 25 27 26 29 27 32 28 37 29 39
12 0 7 8 9 9 10 11 14 12 16 16 19 18 25 21 30 25 33 26 34 27 35 32 39
1 0 39
14 0 6 8 8 9 9 10 13 11 14 12 15 15 16 16 18 17 20 18 21 20 32 24 35 29 36 33 39
1 0 39
1 0 39
7 0 6 8 7 9 9 10 23 15 25 18 30 25 39
2 0 6 8 39
2 0 6 8 39
3 0 6 8 16 9 39
2 0 6 8 39
4 0 6 7 7 8 8 9 39
2 0 10 10 39
4 0 7 8 8 9 10 10 39
1 0 39
2 0 6 8 39
6 0 6 8 8 9 9 10 10 11 18 12 39
1 0 39
1 0 39
7 0 8 10 13 11 20 16 33 31 35 32 37 33 39
2 0 7 8 39
3 0 8 8 9 9 39
5 0 6 8 8 9 9 10 10 11 39
1 0 39
3 0 7 8 8 9 39
2 0 10 8 39
1 0 39
1 0 39
2 0 16 8 39
4 0 6 8 9 9 37 11 39
8 0 6 8 7 9 10 11 11 12 24 15 25 21 29 23 39
3 0 6 4 7 8 39
4 0 6 8 8 9 34 10 39
2 0 7 9 39
4 0 6 8 7 9 9 10 39
2 0 9 8 39
6 0 6 8 8 9 9 10 10 11 16 12 39
4 0 17 4 25 8 31 19 39
3 0 6 8 7 9 39
2 0 9 8 39
5 0 6 8 8 9 9 10 14 11 39
2 0 6 8 39
2 0 22 8 39
2 0 6 8 39
9 0 8 9 9 10 10 11 15 15 16 16 19 18 23 19 24 21 39
1 0 39
1 0 39
1 0 39
3 0 7 8 30 9 39
1 0 39
4 0 7 9 9 10 28 11 39
1 0 39
10 0 7 9 16 10 18 16 20 17 24 18 26 21 32 23 34 24 35 28 39
2 0 9 7 39
6 0 7 8 8 9 9 10 27 15 29 18 39
3 0 25 8 28 9 39
3 0 7 8 22 9 39
2 0 8 8 39
3 0 8 9 15 10 39
6 0 6 8 7 9 10 11 14 12 32 15 39
9 0 7 9 14 10 19 11 26 16 27 25 28 26 29 28 30 29 39
1 0 39
1 0 39
11 0 7 9 9 10 10 11 13 12 16 14 18 16 19 17 20 18 23 19 29 22 39
1 0 39
3 0 15 12 21 17 39
3 0 17 8 19 9 39
2 0 8 8 39
1 0 39
5 0 7 8 8 9 11 12 18 13 39
4 0 7 9 10 11 11 12 39
1 0 39
3 0 7 9 16 10 39
4 0 6 7 7 9 8 10 39
3 0 7 9 9 10 39
1 0 39
5 0 7 8 8 9 9 10 35 11 39
2 0 7 9 39
2 0 7 9 39
1 0 39
4 0 7 9 10 10 17 12 39
2 0 7 9 39
2 0 7 9 39
4 0 8 9 9 11 13 12 39
2 0 7 9 39
1 0 39
1 0 39
2 0 8 9 39
3 0 8 9 9 10 39
1 0 39
3 0 7 9 9 10 39
11 0 7 9 10 11 14 12 15 15 16 16 20 17 24 18 25 21 29 23 30 25 39
3 0 7 7 8 9 39
9 0 8 9 9 10 14 12 15 16 24 22 25 24 35 25 37 26 39
2 0 8 9 39
2 0 7 9 39
1 0 39
7 0 8 9 9 10 10 11 16 12 20 18 24 21 39
2 0 7 9 39
1 0 39
2 0 10 9 39
3 0 7 9 10 10 39
2 0 7 9 39
1 0 39
2 0 10 9 39
2 0 8 9 39
3 0 7 9 22 10 39
1 0 39
1 0 39
3 0 8 9 29 10 39
2 0 7 9 39
2 0 26 9 39
1 0 39
1 0 39
1 0 39
1 0 39
1 0 39
1 0 39
2 0 20 9 39
1 0 39
5 0 7 9 9 10 13 11 35 15 39
1 0 39
1 0 39
1 0 39
4 0 18 9 20 10 25 18 39
2 0 8 10 39
1 0 39
2 0 7 9 39
1 0 39
14 0 7 8 8 9 9 10 10 11 16 12 19 17 21 18 23 20 24 21 25 24 29 25 31 26 32 27 39
1 0 39
3 0 25 9 34 10 39
1 0 39
3 0 7 8 8 9 39
1 0 39
2 0 7 9 39
2 0 8 9 39
2 0 7 9 39
1 0 39
1 0 39
1 0 39
1 0 39
5 0 8 9 9 10 19 15 26 16 39
1 0 39
10 0 7 9 9 10 10 11 14 12 21 17 23 18 30 19 32 20 33 23 39
7 0 15 9 16 16 18 17 26 18 29 19 34 31 39
8 0 7 8 8 10 10 11 15 12 17 15 19 17 22 18 39
1 0 39
6 0 7 9 22 17 32 20 33 23 34 24 39
1 0 39
6 0 8 9 10 10 14 11 18 12 19 16 39
1 0 39
1 0 39
2 0 8 10 39
8 0 7 9 8 10 17 11 18 17 19 18 24 19 37 20 39
1 0 39
1 0 39
5 0 10 9 14 11 15 12 17 16 39
2 0 8 10 39
2 0 8 9 39
1 0 39
1 0 39
2 0 7 9 39
1 0 39
3 0 8 9 9 10 39
3 0 7 9 8 10 39
8 0 7 9 9 10 15 12 16 16 18 17 24 18 28 20 39
5 0 7 7 8 9 9 10 10 11 39
1 0 39
1 0 39
5 0 8 9 14 10 15 15 16 16 39
3 0 8 9 15 10 39
1 0 39
1 0 39
5 0 8 10 28 21 29 25 30 26 39
3 0 8 9 9 10 39
1 0 39
8 0 8 9 9 10 10 11 15 15 16 16 27 17 37 18 39
3 0 8 10 35 11 39
5 0 8 9 9 10 10 11 11 12 39
2 0 8 9 39
1 0 39
1 0 39
4 0 8 10 10 11 22 12 39
1 0 39
1 0 39
1 0 39
1 0 39
1 0 39
1 0 39
1 0 39
3 0 8 9 9 10 39
3 0 13 11 15 15 39
1 0 39
1 0 39
1 0 39
3 0 8 10 9 11 39
10 0 8 10 10 11 11 12 16 16 26 18 30 19 31 23 33 31 36 32 39
2 0 25 10 39
7 0 8 10 14 11 23 18 24 24 26 25 27 26 39
17 0 9 10 10 11 13 12 15 15 17 16 22 18 23 21 24 24 26 25 28 26 29 27 30 29 32 30 33 31 35 32 37 33 39
1 0 39
4 0 9 10 10 11 20 12 39
10 0 8 9 9 10 10 11 13 12 15 15 16 16 27 17 34 27 35 29 39
1 0 39
6 0 9 9 10 10 14 12 15 15 16 16 39
1 0 39
1 0 39
3 0 9 10 10 11 39
1 0 39
2 0 23 11 39
4 0 10 11 11 12 24 16 39
1 0 39
2 0 8 10 39
6 0 10 10 11 11 26 13 36 31 37 33 39
2 0 8 10 39
1 0 39
1 0 39
2 0 9 10 39
9 0 8 9 9 10 14 11 15 15 16 16 20 17 28 21 29 22 39
1 0 39
2 0 9 10 39
14 0 8 9 9 11 14 12 16 15 19 16 20 18 23 21 27 22 29 25 30 29 33 31 35 32 36 33 39
2 0 12 10 39
1 0 39
5 0 8 10 10 11 11 12 18 15 39
1 0 39
1 0 39
1 0 39
1 0 39
3 0 8 10 28 11 39
1 0 39
4 0 14 8 25 9 26 10 39
3 0 9 10 10 11 39
3 0 8 9 9 10 39
4 0 8 9 9 10 15 11 39
3 0 8 10 16 15 39
4 0 8 10 10 11 11 12 39
1 0 39
3 0 8 10 25 12 39
1 0 39
1 0 39
11 0 8 10 10 11 14 12 16 16 20 17 21 20 23 21 24 24 26 25 30 26 39
2 0 10 10 39
3 0 8 10 27 11 39
2 0 9 10 39
1 0 39
1 0 39
1 0 39
1 0 39
1 0 39
3 0 8 9 9 10 39
1 0 39
1 0 39
3 0 8 9 10 10 39
4 0 8 10 10 11 11 12 39
1 0 39
1 0 39
10 0 8 8 9 11 11 12 29 13 30 21 31 30 33 31 35 32 36 33 39
3 0 18 7 25 8 39
5 0 8 9 9 11 22 12 25 24 39
1 0 39
2 0 13 10 39
1 0 39
1 0 39
4 0 9 10 10 11 26 12 39
1 0 39
1 0 39
1 0 39
1 0 39
1 0 39
1 0 39
1 0 39
5 0 9 10 10 11 11 12 37 17 39
1 0 39
4 0 9 7 13 10 24 11 39
6 0 9 11 14 12 29 21 32 28 37 29 39
1 0 39
1 0 39
3 0 13 11 14 12 39
2 0 10 11 39
21 0 9 10 10 11 13 12 15 15 16 16 18 17 20 18 21 19 22 20 23 21 24 22 25 24 26 25 27 26 29 27 30 29 31 30 33 31 35 32 36 33 39
1 0 39
6 0 30 19 31 29 33 30 35 31 36 32 39
2 0 13 11 39
1 0 39
6 0 10 10 14 12 15 15 16 16 35 31 39
1 0 39
1 0 39
1 0 39
1 0 39
1 0 39
1 0 39
3 0 10 10 14 11 39
2 0 9 11 39
2 0 10 8 39
2 0 10 11 39
1 0 39
7 0 9 11 19 12 25 18 29 21 32 25 34 27 39
4 0 9 10 10 11 33 12 39
1 0 39
17 0 9 9 10 11 11 12 15 16 16 17 19 18 20 19 22 20 23 21 25 24 28 25 29 26 30 29 33 31 35 32 36 33 39
2 0 24 11 39
2 0 9 11 39
10 0 9 9 10 11 13 12 16 16 17 17 20 18 25 19 28 20 30 21 39
4 0 9 11 13 12 26 15 39
5 0 28 11 29 26 30 29 35 30 39
1 0 39
1 0 39
3 0 15 10 16 11 39
1 0 39
1 0 39
9 0 12 9 15 11 16 12 17 16 18 17 19 18 20 19 28 20 39
2 0 14 11 39
6 0 9 11 14 12 30 23 31 30 33 31 39
1 0 39
1 0 39
1 0 39
1 0 39
1 0 39
1 0 39
1 0 39
5 0 9 11 14 12 16 16 17 17 39
1 0 39
8 0 10 11 13 12 15 16 17 17 19 18 23 19 24 20 39
3 0 10 11 16 12 39
10 0 15 12 16 16 17 17 20 18 25 19 28 20 29 21 32 25 36 26 39
1 0 39
1 0 39
1 0 39
3 0 15 11 18 17 39
1 0 39
10 0 10 7 22 10 23 18 26 25 28 26 29 27 30 29 31 30 34 31 39
9 0 10 10 14 12 27 18 28 20 32 21 33 26 34 28 37 29 39
1 0 39
6 0 18 16 19 17 20 18 27 20 32 21 39
3 0 10 11 14 12 39
2 0 15 8 39
3 0 10 11 16 12 39
1 0 39
1 0 39
1 0 39
1 0 39
11 0 19 17 20 18 21 19 22 20 23 21 24 22 25 24 26 25 28 26 33 27 39
1 0 39
4 0 10 11 13 12 27 15 39
3 0 15 11 19 12 39
3 0 10 11 14 12 39
1 0 39
2 0 13 12 39
1 0 39
3 0 10 9 16 10 39
1 0 39
1 0 39
1 0 39
2 0 18 12 39
3 0 14 9 27 10 39
3 0 29 12 33 31 39
4 0 10 10 11 12 27 13 39
1 0 39
1 0 39
1 0 39
1 0 39
1 0 39
1 0 39
1 0 39
1 0 39
1 0 39
1 0 39
1 0 39
13 0 13 12 15 16 16 17 19 18 21 20 24 22 25 23 27 26 33 27 34 31 35 32 36 33 39
1 0 39
4 0 13 11 15 12 16 14 39
7 0 15 11 19 12 20 14 23 17 24 22 36 25 39
5 0 13 10 15 14 16 15 25 17 39
1 0 39
1 0 39
1 0 39
1 0 39
1 0 39
1 0 39
10 0 16 16 19 18 22 20 23 21 24 24 27 25 30 29 33 31 35 32 39
3 0 14 7 23 15 39
1 0 39
6 0 13 11 14 12 15 15 19 16 21 17 39
4 0 17 15 20 16 21 17 39
1 0 39
8 0 14 12 18 16 20 17 25 21 27 26 30 27 33 29 39
7 0 18 17 19 18 20 19 21 20 22 21 30 23 39
1 0 39
1 0 39
3 0 16 15 17 16 39
1 0 39
1 0 39
3 0 15 16 19 17 39
6 0 16 11 17 16 18 17 20 18 23 19 39
4 0 15 15 16 16 25 17 39
1 0 39
12 0 15 9 16 11 18 16 19 17 24 19 25 24 26 25 33 27 35 29 36 31 37 33 39
5 0 15 12 16 16 17 17 20 18 39
1 0 39
5 0 16 14 18 16 19 17 20 18 39
1 0 39
5 0 16 7 17 12 18 16 20 17 39
1 0 39
8 0 18 16 19 17 20 18 21 19 23 20 24 21 25 23 39
10 0 16 15 17 16 18 17 19 18 20 19 22 20 24 21 26 25 27 26 39
5 0 23 21 24 24 26 25 33 26 39
1 0 39
2 0 28 18 39
1 0 39
1 0 39
1 0 39
10 0 19 18 20 19 22 21 24 24 26 25 29 26 30 29 31 30 33 31 39
1 0 39
4 0 23 16 28 22 30 25 39
1 0 39
1 0 39
1 0 39
3 0 21 12 25 21 39
1 0 39
1 0 39
1 0 39
1 0 39
1 0 39
3 0 30 21 32 24 39
1 0 39
1 0 39
7 0 22 18 23 21 24 22 25 24 28 26 29 27 39
2 0 32 23 39
3 0 32 12 35 22 39
1 0 39
4 0 20 16 23 20 24 22 39
1 0 39
1 0 39
1 0 39
1 0 39
1 0 39
11 0 23 21 24 22 25 24 26 25 27 26 30 29 31 30 33 31 35 32 36 33 39
1 0 39
14 0 20 16 21 20 23 21 24 22 25 24 26 25 27 26 29 27 30 29 32 30 33 31 35 32 37 33 39
1 0 39
1 0 39
7 0 22 20 23 21 24 24 27 25 33 26 34 27 39
1 0 39
5 0 23 19 24 22 25 24 26 25 39
7 0 25 24 26 25 27 26 29 27 30 29 33 30 39
1 0 39
2 0 29 4 39
10 0 22 21 24 22 25 24 28 25 29 26 31 27 34 30 36 31 37 33 39
1 0 39
1 0 39
1 0 39
8 0 23 21 24 24 26 25 29 26 31 27 32 28 36 30 39
1 0 39
1 0 39
1 0 39
1 0 39
1 0 39
1 0 39
1 0 39
1 0 39
1 0 39
1 0 39
3 0 26 12 35 18 39
4 0 28 26 36 28 37 30 39
1 0 39
1 0 39
3 0 31 23 36 27 39
1 0 39
1 0 39
3 0 31 23 36 27 39
1 0 39
1 0 39
1 0 39
1 0 39
1 0 39
1 0 39
1 0 39
1 0 39
1 0 39
1 0 39
1 0 39
1 0 39
1 0 39
1 0 39
1 0 39
1 0 39
6 0 27 25 28 26 29 28 30 29 37 30 39
1 0 39
1 0 39
1 0 39
1 0 39
8 0 28 26 29 27 30 29 32 30 33 31 35 32 37 33 39
1 0 39
1 0 39
5 0 29 26 30 29 32 30 33 31 39
1 0 39
1 0 39
1 0 39
1 0 39
1 0 39
1 0 39
1 0 39
6 0 32 24 33 30 34 31 36 32 37 33 39
4 0 31 25 33 30 37 32 39
1 0 39
1 0 39
1 0 39
4 0 30 29 33 31 35 32 39
1 0 39
1 0 39
1 0 39
1 0 39
1 0 39
1 0 39
4 0 31 29 33 31 35 32 39
1 0 39
1 0 39
1 0 39
1 0 39
4 0 33 31 35 32 36 33 39
5 0 32 23 33 31 35 32 36 33 39
5 0 32 24 33 31 35 32 36 33 39
1 0 39
5 0 31 27 33 31 35 32 36 33 39
1 0 39
1 0 39
1 0 39
3 0 31 27 34 31 39
1 0 39
1 0 39
2 0 35 29 39
4 0 33 30 35 32 36 33 39
1 0 39
4 0 33 31 35 32 36 33 39
2 0 37 18 39
1 0 39
4 0 33 26 34 28 37 29 39
1 0 39
1 0 39
1 0 39
1 0 39
1 0 39
1 0 39
1 0 39
1 0 39
1 0 39
1 0 39
1 0 39
1 0 39
1 0 39
1 0 39
1 0 39
1 0 39
1 0 39
2 0 37 33 39
