36
2 0 1 
2 0 1 
2 0 1 
2 0 1 
2 0 1 
2 0 1 
2 0 1 
2 0 1 
10 0 1 2 3 7 8 9 10 11 12 
10 0 1 2 3 7 8 9 10 11 12 
10 0 1 2 3 7 8 9 10 11 12 
10 0 1 2 3 7 8 9 10 11 12 
10 0 1 2 3 7 8 9 10 11 12 
10 0 1 2 3 7 8 9 10 11 12 
10 0 1 2 3 7 8 9 10 11 12 
6 0 1 3 8 9 10 
6 0 1 3 8 9 10 
6 0 1 3 8 9 10 
6 0 1 3 8 9 10 
6 0 1 3 8 9 10 
6 0 1 3 8 9 10 
5 1 2 3 11 12 
5 1 2 3 11 12 
5 1 2 3 11 12 
5 1 2 3 11 12 
5 1 2 3 11 12 
6 0 2 3 6 11 12 
6 0 2 3 6 11 12 
6 0 2 3 6 11 12 
6 0 2 3 6 11 12 
10 1 2 3 5 6 7 8 9 10 11 
10 1 2 3 5 6 7 8 9 10 11 
10 1 2 3 5 6 7 8 9 10 11 
3 4 5 6 
3 4 5 6 
6 1 2 4 6 7 9 
