13 36 8
36
0 0 1 2 0 1 
0 1 3 5 0 1 2 3 7 2 8 9 3 10 11 12 
0 2 2 5 0 1 2 3 7 5 8 9 10 11 12 
0 3 2 5 0 1 2 3 7 5 8 9 10 11 12 
0 4 2 6 0 1 2 3 6 7 5 8 9 10 11 12 
0 5 1 12 0 1 2 3 5 6 7 8 9 10 11 12 
0 6 1 13 0 1 2 3 4 5 6 7 8 9 10 11 12 
0 7 1 13 0 1 2 3 4 5 6 7 8 9 10 11 12 
1 1 3 5 0 1 2 3 7 2 8 9 3 10 11 12 
1 2 2 5 0 1 2 3 7 5 8 9 10 11 12 
1 3 2 5 0 1 2 3 7 5 8 9 10 11 12 
1 4 2 6 0 1 2 3 6 7 5 8 9 10 11 12 
1 5 1 12 0 1 2 3 5 6 7 8 9 10 11 12 
1 6 1 13 0 1 2 3 4 5 6 7 8 9 10 11 12 
1 7 1 13 0 1 2 3 4 5 6 7 8 9 10 11 12 
2 2 2 3 0 1 3 3 8 9 10 
2 3 3 4 0 1 2 3 3 8 9 10 2 11 12 
2 4 3 5 0 1 2 3 6 3 8 9 10 2 11 12 
2 5 1 12 0 1 2 3 5 6 7 8 9 10 11 12 
2 6 1 13 0 1 2 3 4 5 6 7 8 9 10 11 12 
2 7 1 13 0 1 2 3 4 5 6 7 8 9 10 11 12 
3 3 2 3 1 2 3 2 11 12 
3 4 2 5 0 1 2 3 6 2 11 12 
3 5 2 9 0 1 2 3 5 6 7 8 9 3 10 11 12 
3 6 2 10 0 1 2 3 4 5 6 7 8 9 3 10 11 12 
3 7 2 10 0 1 2 3 4 5 6 7 8 9 3 10 11 12 
4 4 2 4 0 2 3 6 2 11 12 
4 5 2 9 0 1 2 3 5 6 7 8 9 3 10 11 12 
4 6 2 10 0 1 2 3 4 5 6 7 8 9 3 10 11 12 
4 7 2 10 0 1 2 3 4 5 6 7 8 9 3 10 11 12 
5 5 3 6 1 2 5 7 8 9 2 3 6 2 10 11 
5 6 2 9 1 2 3 4 5 6 7 8 9 2 10 11 
5 7 2 9 1 2 3 4 5 6 7 8 9 2 10 11 
6 6 3 3 8 9 2 3 4 5 6 2 10 11 
6 7 2 8 1 2 4 5 6 7 8 9 2 10 11 
7 7 2 4 1 2 4 6 2 9 7 
